1092, 911, 1092, 958, 1179, 958, 1179, 911, on
894, 911, 894, 961, 1089, 961, 1089, 911, brother
543, 826, 543, 887, 837, 887, 837, 826, terrorist is
1065, 833, 1065, 887, 1254, 887, 1254, 833, people
1176, 907, 1176, 961, 1278, 961, 1278, 907, his
666, 911, 666, 961, 786, 961, 786, 911, put
741, 914, 741, 961, 900, 961, 900, 914, your
1260, 911, 1260, 965, 1377, 965, 1377, 911, site
852, 823, 852, 887, 1077, 887, 1077, 823, burning
1248, 826, 1248, 884, 1413, 884, 1413, 826, alive,
540, 911, 540, 961, 648, 961, 648, 911, he's
