1110, 907, 1110, 958, 1335, 958, 1335, 907, surgical.
1113, 830, 1113, 887, 1275, 887, 1275, 830, arrest
1002, 914, 1002, 958, 1110, 958, 1110, 914, and
510, 833, 510, 897, 651, 897, 651, 833, They
834, 914, 834, 968, 987, 968, 987, 914, sharp
1290, 826, 1290, 884, 1413, 884, 1413, 826, him.
663, 907, 663, 965, 822, 965, 822, 907, short,
648, 826, 648, 884, 756, 884, 756, 826, will
753, 826, 753, 891, 909, 891, 909, 826, just g
990, 833, 990, 887, 1119, 887, 1119, 833, and
570, 894, 570, 965, 654, 965, 654, 894, It's
