951, 830, 951, 887, 1113, 887, 1113, 830, I need
747, 914, 747, 965, 897, 965, 897, 914, know
909, 904, 909, 958, 1089, 958, 1089, 904, where
1176, 830, 1176, 887, 1275, 887, 1275, 830, kill
600, 826, 600, 880, 735, 880, 735, 826, leact
825, 826, 825, 891, 936, 891, 936, 826, day
735, 830, 735, 891, 843, 891, 843, 830, the
1134, 911, 1134, 968, 1227, 968, 1227, 911, go.
675, 901, 675, 961, 756, 961, 756, 901, I'll
1089, 830, 1089, 887, 1179, 887, 1179, 830, to
1266, 837, 1266, 887, 1389, 887, 1389, 837, you,
525, 830, 525, 887, 606, 887, 606, 830, At
1065, 907, 1065, 961, 1152, 961, 1152, 907, to
