726, 911, 726, 961, 897, 961, 897, 911, people
642, 830, 642, 887, 831, 887, 831, 830, murder
906, 914, 906, 961, 1056, 961, 1056, 914, want
1170, 833, 1170, 887, 1398, 887, 1398, 833, starters.
1236, 911, 1236, 958, 1404, 958, 1404, 911, o you.
975, 823, 975, 891, 1074, 891, 1074, 823, MP,
519, 830, 519, 891, 633, 891, 633, 830, The
1101, 911, 1101, 958, 1212, 958, 1212, 911, talk
549, 911, 549, 965, 708, 965, 708, 911, lot of
846, 833, 846, 887, 969, 887, 969, 833, of an
1032, 907, 1032, 961, 1125, 961, 1125, 907, to
