786, 911, 786, 958, 1035, 958, 1035, 911, Joubert's
1050, 907, 1050, 961, 1401, 961, 1401, 907, spreadsheets
642, 907, 642, 961, 786, 961, 786, 907, Alaini
828, 830, 828, 887, 996, 887, 996, 830, which
564, 823, 564, 891, 810, 891, 810, 823, Holdings
1104, 833, 1104, 887, 1200, 887, 1200, 833, the
993, 837, 993, 887, 1092, 887, 1092, 837, ran
561, 914, 561, 961, 639, 961, 639, 914, on
1200, 826, 1200, 877, 1416, 877, 1416, 826, courses
486, 826, 486, 894, 570, 894, 570, 826, ZP
498, 911, 498, 965, 558, 965, 558, 911, is
