753, 826, 753, 891, 930, 891, 930, 826, Mehdi
1122, 911, 1122, 965, 1299, 965, 1299, 911, wrong
804, 911, 804, 965, 960, 965, 960, 911, place
927, 830, 927, 884, 1050, 884, 1050, 830, was
1044, 830, 1044, 887, 1158, 887, 1158, 830, just
639, 911, 639, 968, 834, 968, 834, 911, wrong
1302, 911, 1302, 965, 1440, 965, 1440, 911, time.
537, 904, 537, 961, 636, 961, 636, 904, the
474, 907, 474, 965, 546, 965, 546, 907, in
1035, 907, 1035, 958, 1128, 958, 1128, 907, the
954, 911, 954, 961, 1035, 961, 1035, 911, at
