615, 907, 615, 968, 846, 968, 846, 907, working
1206, 830, 1206, 887, 1311, 887, 1311, 830, will
840, 911, 840, 961, 978, 961, 978, 911, with
984, 826, 984, 891, 1215, 891, 1215, 826, Romane
642, 826, 642, 891, 852, 891, 852, 826, from no
969, 907, 969, 961, 1068, 961, 1068, 907, me
513, 826, 513, 887, 645, 887, 645, 826, And
1155, 907, 1155, 965, 1287, 965, 1287, 907, time.
1062, 897, 1062, 961, 1164, 961, 1164, 897, full
1314, 833, 1314, 887, 1398, 887, 1398, 833, be
903, 837, 903, 891, 990, 891, 990, 837, on
