978, 823, 978, 884, 1224, 884, 1224, 823, loyal you
954, 911, 954, 961, 1077, 961, 1077, 911, you
693, 911, 693, 961, 804, 961, 804, 911, can
849, 830, 849, 891, 987, 891, 987, 830, how
1251, 904, 1251, 965, 1413, 965, 1413, 904, child.
579, 911, 579, 961, 690, 961, 690, 911, one
582, 830, 582, 891, 678, 891, 678, 830, No
795, 907, 795, 965, 942, 965, 942, 907, force
642, 826, 642, 891, 849, 891, 849, 826, matter
1206, 837, 1206, 894, 1338, 894, 1338, 837, are,
501, 914, 501, 965, 594, 965, 594, 914, no
1110, 904, 1110, 955, 1215, 955, 1215, 904, kill
